Time (hours),Q_3,Q_31,Q_4,Q_5,Q_6,Q_7,Q_37,Q_36,Q_10,Q_11,Q_15,Q_38,Q_18,Q_39,Q_17,Q_33,Q_40,Q_34,Q_19,Q_16,Q_41,Q_13,Q_22,Q_23,Q_25,Q_27,Q_28,Q_26,Q_24,Q_21,Q_29,Q_35,Q_30,Q_20,Q_14,Q_12,Q_9,Q_8,Q_1,Q_32,Q_2
0,0,0,0,0,0,0,0,0,0,0,0,0,0,0,0,0,0,0,0,0,0,0,0,0,0,0,0,0,0,0,0,0,0,0,0,0,0,0,0,0,0
0.08,0.0001,0.0001,0,0,0.0001,0,0,0,0,0.0001,0.0001,0,0,0.0003,0.0002,0.0001,0.0003,0.0002,0,0,0,0,0.0003,0.0001,0.0002,0.0001,0.0002,0.0001,0,0,0,0,0,0,0,0,0,0,0,0,0
0.17,0.0121,0.0082,0.0048,0,0.0187,0,0.0007,0.003,0.0022,0.0099,0.0121,0.0021,0.0017,0.03,0.022,0.0088,0.0327,0.0268,0,0,0.0073,0.0063,0.0335,0.0142,0.0207,0.0155,0.0284,0.0108,0.0006,0.0017,0.0071,0.0028,0,0.0075,0.0073,0,0,0.0001,0,0.0018,0.0027
0.25,0.0841,0.0695,0.043,0,0.1156,0,0.0058,0.0251,0.0202,0.0776,0.0982,0.0191,0.0151,0.1372,0.1025,0.0719,0.1563,0.1444,0,0.0071,0.0523,0.0502,0.1581,0.0918,0.0981,0.0988,0.1572,0.0502,0.0162,0.0268,0.0542,0.0256,0.0004,0.0659,0.0593,0,0,0.0006,0,0.0162,0.0244
0.33,0.2376,0.2249,0.1642,0.0092,0.3052,0,0.0237,0.0788,0.0824,0.234,0.3047,0.0766,0.0522,0.3197,0.2381,0.2248,0.3728,0.3634,0,0.0471,0.1507,0.1989,0.3734,0.2476,0.2357,0.2715,0.4002,0.1361,0.0625,0.0962,0.1625,0.1065,0.0027,0.2262,0.1847,0,0,0.0024,0,0.0615,0.0978
0.42,0.455,0.4679,0.3825,0.0417,0.556,0,0.0599,0.1592,0.2228,0.4649,1.4767,0.1885,0.1161,0.5369,0.4011,0.4598,0.636,0.6447,0.0433,0.1377,0.3971,1.044,0.6328,0.4579,0.4061,0.5146,0.7157,0.2757,0.1428,0.2096,0.3254,0.2879,0.0119,0.8226,0.3433,0,0,0.007,0,0.1415,0.2538
0.5,0.7053,0.7676,0.6809,0.1078,0.8304,0.011,0.1127,0.2535,0.4522,0.7856,3.0689,0.3515,0.2126,0.7611,0.6573,0.7461,0.9096,0.9504,0.1885,0.2647,0.996,2.5246,0.9026,0.6917,0.5874,0.7965,1.7808,0.4429,0.2534,0.3534,0.5225,0.5763,0.039,2.3625,0.8083,0,0,0.016,0,0.247,0.4837
0.58,0.9736,1.1525,1.0354,0.208,1.1143,0.058,0.1778,0.3537,0.7763,1.5219,4.4812,0.5559,0.5743,0.9818,1.1409,1.0623,1.1787,1.2653,0.4959,0.4185,1.8998,4.6025,1.1703,0.937,0.8823,1.1016,2.8943,1.0314,0.3398,0.6448,0.7414,0.9568,0.0975,4.5243,1.9058,0,0,0.0312,0,0.366,0.7614
0.67,1.2387,1.9638,1.4883,0.31,1.4932,0.1241,0.2503,0.4522,1.5949,2.4438,5.5153,0.7902,1.0414,1.1742,1.7413,1.3829,1.4115,1.5604,1.5209,1.073,2.7939,7.0228,1.407,1.175,1.2195,1.4039,3.7891,2.3769,0.3922,1.2378,0.9647,1.4032,0.2005,6.837,3.773,0,0,0.0545,0,0.4883,1.8769
0.75,1.5974,2.8757,2.4031,0.5079,2.0312,0.2478,0.3249,0.5416,2.6265,3.4514,6.0979,1.0408,1.5639,1.3342,2.3013,1.6795,1.5998,1.8218,2.7852,2.5492,3.7762,9.427,1.637,1.3915,1.4668,1.6822,4.3905,3.9911,0.4802,1.9688,1.1739,1.8901,0.3582,9.0066,6.4135,0,0,0.087,0.0039,0.6034,3.2805
0.83,2.0828,3.7942,3.4341,1.303,2.5462,1.0212,0.3974,0.621,3.7063,4.4984,6.3819,1.2957,2.1055,1.4701,2.7863,1.9464,1.754,2.0566,4.1671,4.5146,5.0737,11.6832,1.9828,1.5909,1.6311,1.9732,4.7764,5.4966,0.6392,2.8007,1.3665,2.3951,0.5739,10.9153,10.0786,0,0,0.1284,0,0.705,4.6187
0.92,2.5458,4.6658,4.5079,2.6247,3.0226,2.143,0.4657,0.6921,4.6792,5.3749,6.5132,1.55,2.648,1.5875,3.2052,2.1857,1.8819,2.2706,5.5696,6.7887,6.7532,13.8258,2.2749,1.7772,1.7338,2.46,5.0182,6.773,1.3273,3.7144,1.5435,3.3671,0.8015,12.5881,14.0844,1.4195,0,0.177,0,0.7932,5.7953
1,2.9715,5.4579,5.5665,4.5127,3.4527,3.6795,0.5296,0.7565,5.6,6.0951,6.5711,1.8019,3.1791,1.6903,3.5667,2.3999,1.989,2.4676,6.9322,9.2489,8.7963,15.9399,2.5149,1.9532,1.7955,2.9138,5.1672,7.8235,2.2897,4.7623,1.7059,4.5587,1.1495,14.0505,17.9278,4.1745,0,0.2314,0.0838,0.8696,6.8009
1.08,3.3584,6.1631,6.5725,6.9095,3.8429,5.6877,0.5893,0.8158,6.2574,6.6915,6.6154,2.0506,3.6939,1.7858,3.8932,2.5934,2.0845,2.6541,8.2337,11.7891,11.1393,18.1195,2.7207,2.1228,1.8427,3.3293,5.2784,8.6731,3.4795,5.9712,1.8563,5.8287,2.1154,15.3763,21.5787,8.4523,0.7231,0.289,0.4034,0.9598,7.6572
1.17,3.9177,7.0589,7.7044,9.7858,4.4942,8.2311,0.6533,0.8902,6.881,7.5447,7.2176,2.3203,4.2748,1.986,4.5681,2.9707,2.3053,2.9457,9.5354,14.4715,14.0639,20.9167,3.2316,2.3541,2.1569,3.935,5.946,9.8234,4.9102,7.6008,2.046,7.2526,3.4749,17.1953,25.7259,14.7489,2.1702,0.3556,1.1056,1.1056,8.5657
1.25,4.9289,8.644,9.3501,14.0404,5.7069,11.6007,0.7366,1.0785,7.7645,9.1705,8.9724,2.6568,5.0769,2.3083,5.646,3.7763,2.684,3.4046,11.0595,17.6248,17.9314,25.2875,4.1437,2.8689,2.7633,4.986,7.3859,11.8603,7.1842,10.3535,2.3461,9.0546,5.2931,20.4215,31.6871,22.0991,5.1734,0.4249,2.2198,1.3211,9.8281
1.33,6.2916,11.1646,11.7969,19.4416,7.2935,16.3266,0.8512,1.6904,9.0851,11.359,11.2691,3.0964,6.1337,2.6876,6.8628,4.8769,3.1379,4.4927,13.0258,21.5762,22.5229,31.2845,5.2375,3.8495,3.4483,6.3721,9.0864,15.1846,10.1754,14.9424,2.7603,11.5011,7.6852,25.1962,39.9479,31.2181,10.3198,0.7206,3.7174,1.6405,11.667
1.42,7.6796,13.9394,14.7382,26.0139,8.8199,22.5775,0.9926,2.2549,10.8497,13.536,13.1387,3.6196,7.3301,3.0319,7.87,6.0256,3.5499,5.6909,15.6516,26.3539,27.5218,38.2111,6.1253,4.9451,3.8919,7.765,10.3957,18.3376,13.8128,20.3897,3.6214,14.7249,11.1887,30.6811,49.9876,42.6885,17.4693,1.5663,5.8522,1.9921,14.0724
1.5,8.7859,16.0764,17.6061,33.2149,10.0067,30.1831,1.1431,2.6604,12.7219,15.2261,14.0885,4.7148,8.5346,3.3204,8.6209,6.9427,3.9741,6.7573,18.8064,31.6266,32.6931,45.1764,6.7622,5.9932,4.0834,8.8788,11.1282,20.8072,17.6987,26.1689,4.4168,18.4177,15.6947,36.2688,60.8066,56.5264,27.0117,3.1225,8.8947,2.2904,16.579
1.58,9.6063,17.5422,19.9874,40.2554,10.9749,38.6187,1.2882,2.9177,14.2749,16.4479,14.4535,5.9506,9.8006,3.682,9.2036,7.5869,4.491,7.6767,22.162,37.0927,38.0638,51.8811,7.0973,6.9676,4.1444,9.7121,11.5066,22.5304,21.505,32.0849,5.0907,22.1293,20.718,41.7691,72.0318,72.2681,39.0856,5.725,13.0975,2.4975,18.7856
1.67,10.0363,18.3024,21.6765,46.4382,11.3534,47.0754,1.4392,3.0323,15.2249,17.1169,14.2565,7.1521,11.0671,3.9858,9.5146,7.9128,4.7351,8.2973,25.4016,42.4859,43.3483,58.0301,7.0094,7.7552,3.981,10.1376,11.3769,23.3139,24.9201,37.7695,5.5677,25.3745,26.0333,47.0181,83.1273,89.3462,53.5001,9.7291,18.6674,2.6094,20.4114
1.75,10.0362,18.2849,22.5219,51.1034,11.1917,54.6142,1.7922,3.0008,15.5384,17.1448,13.4773,8.2065,12.2264,4.1199,9.6054,7.8845,4.755,8.5977,28.2029,47.514,48.2742,63.2499,6.6671,8.2786,3.7116,10.1357,10.8474,23.1794,27.5966,42.7254,5.7915,27.8534,31.283,51.6862,93.3345,106.9738,69.7336,15.4335,25.7084,2.6239,21.3984
1.83,9.8191,17.801,22.6115,54.0152,10.8193,60.5868,1.9405,2.892,15.3689,16.8072,12.5754,9.039,13.2435,4.1603,9.5959,7.6635,4.6724,8.7113,30.4139,51.9362,52.859,67.7065,6.2892,8.6229,3.4616,9.9221,10.2405,22.5131,29.4715,46.9117,5.8429,29.4529,36.0552,55.8361,102.5782,124.3103,87.1054,22.9865,34.2148,2.5605,21.7984
1.92,9.4942,17.1164,22.2452,55.3779,10.3558,64.7619,1.969,2.7568,14.8374,16.288,11.7405,9.6506,14.1118,4.1305,9.4992,7.3637,4.5269,8.6896,31.9976,55.6374,56.9652,71.5974,5.9296,8.8299,3.2296,9.5961,9.6269,21.5912,30.6257,50.3418,5.7849,30.2079,39.9661,59.6233,110.9086,140.8545,104.962,32.3743,43.9744,2.461,21.699
2,9.1129,16.3385,21.6218,55.5237,9.8583,67.1985,1.9387,2.6131,14.1176,15.6651,10.9809,10.0673,14.8165,4.0595,9.3455,7.0294,4.355,8.5764,33.0028,58.6031,60.4676,74.9767,5.6264,8.9256,3.0282,9.2125,9.0471,20.5771,31.1655,53.0038,5.654,30.3451,42.8209,62.979,118.2511,156.3035,122.7421,43.4488,54.73,2.3488,21.2949
2.08,8.7383,15.5727,20.8766,54.8179,9.4703,68.1821,1.8819,2.4784,13.3746,15.0337,10.3527,10.3206,15.3636,3.9745,9.1737,6.7072,4.1889,8.4248,33.5541,60.8557,63.3512,77.9185,5.3625,8.9546,2.869,8.8356,8.5555,19.6023,31.2413,54.9811,5.4923,30.0717,44.643,65.8444,124.619,170.453,140.0036,55.9716,66.2414,2.2364,20.7313
2.17,8.3979,14.8832,20.1219,53.601,9.1278,68.0847,1.8174,2.3622,12.6764,14.4475,9.8633,10.4509,15.7706,3.8874,8.9987,6.4207,4.0389,8.2608,33.7625,62.4672,65.6178,80.4652,5.1413,8.9438,2.7455,8.4919,8.1553,18.7333,30.9986,56.3716,5.3253,29.5427,45.5809,68.2035,130.0312,183.2134,156.448,69.639,78.331,2.1342,20.0947
2.25,8.0997,14.2875,19.4157,52.1337,8.8295,67.2366,1.7558,2.2655,12.0596,13.925,9.4874,10.4937,16.0557,3.8047,8.83,6.1743,3.9091,8.0988,33.724,63.5375,67.3035,82.6223,4.9607,8.909,2.6512,8.1897,7.837,17.9906,30.5539,57.2672,5.1653,28.8914,45.8118,70.0391,134.4885,194.5486,171.8833,84.1222,90.871,2.046,19.4571
2.33,7.8428,13.7831,18.7785,50.5943,8.5726,65.9261,1.7005,2.1863,11.5408,13.4692,9.1967,10.4753,16.2376,3.727,8.668,5.9656,3.7967,7.9438,33.523,64.1641,68.4706,84.3894,4.8109,8.8597,2.5759,7.9283,7.5825,17.365,29.9964,57.7583,5.0181,28.2012,45.5353,71.3543,138.0062,204.4447,186.1775,99.1078,103.7603,1.9716,18.8573
2.42,7.5241,13.2156,18.1079,48.9936,8.2187,64.329,1.6404,2.0933,11.0494,12.9381,8.7688,10.3854,16.2941,3.5845,8.374,5.7242,3.7,7.6913,33.1814,64.3611,69.0205,85.5514,4.5564,8.7222,2.4172,7.595,7.1779,16.6175,29.3187,57.7438,4.8407,27.4329,44.9074,71.962,140.2814,212.8279,199.2193,114.29,116.9222,1.8937,18.2395
2.5,7.0795,12.4228,17.2687,47.1486,7.7164,62.4318,1.5629,1.9564,10.5019,12.1983,8.0569,10.1944,16.1805,3.4192,7.9621,5.3851,3.5589,7.3255,32.6511,64.054,68.8961,85.8127,4.2217,8.4532,2.2068,7.14,6.6068,15.6325,28.4177,57.0514,4.5941,26.5004,43.9885,71.6321,140.8858,219.4117,210.8299,129.3779,130.2604,1.7929,17.5194
2.58,6.6016,11.5178,16.2592,44.9906,7.1863,60.1916,1.4656,1.8006,9.8732,11.3728,7.2954,9.8969,15.913,3.3072,7.5343,5.0083,3.3986,6.9272,31.8943,63.2196,68.263,85.3005,3.8909,8.1234,2.0088,6.6585,6.0331,14.5356,27.3166,55.8389,4.3196,25.3717,42.808,70.5117,139.9961,223.9042,220.7751,144.0978,143.6353,1.6689,16.6643
2.67,6.1568,10.6556,15.23,42.6345,6.7022,57.6438,1.3975,1.6558,9.1753,10.5836,6.6529,9.5361,15.5403,3.1928,7.1507,4.655,3.239,6.5489,30.9246,61.9388,67.2253,84.2571,3.6081,7.7862,1.8507,6.2131,5.5438,13.4873,26.095,54.3138,4.0538,24.0908,41.3953,68.9405,138.0244,226.3266,228.8641,158.1816,156.8845,1.5446,15.7002
2.75,5.7741,9.9128,14.2828,40.251,6.2919,54.8989,1.3651,1.535,8.4834,9.8928,6.1735,9.1565,15.106,3.0826,6.8208,4.3524,3.0893,6.212,29.8109,60.3574,65.8738,82.8801,3.3795,7.4705,1.7315,5.8298,5.1591,12.5739,24.8396,52.6334,3.8162,22.7974,39.8025,67.1413,135.3453,226.9132,235.0186,171.3746,169.8532,1.4347,14.7389
2.83,5.4555,9.3846,13.4603,37.9849,5.9553,52.1033,1.3287,1.4399,7.8779,9.3129,5.8345,8.7863,14.6424,2.9809,6.5459,4.1033,2.9544,5.9217,28.651,58.5977,64.291,81.2856,3.2032,7.1858,1.6472,5.5102,4.8715,11.8465,23.6119,50.8934,3.6109,21.5865,38.1063,65.2358,132.2235,225.9736,239.2872,183.4543,182.3849,1.3445,13.8578
2.92,5.3281,9.1368,12.9071,36.067,5.8665,49.4603,1.2962,1.4085,7.4776,9.0375,5.8928,8.482,14.234,2.9479,6.5389,3.9891,2.9074,5.8276,27.5668,56.8714,62.8301,79.8885,3.2507,7.0489,1.7251,5.3956,4.9616,11.5909,22.5626,49.4348,3.4973,20.6189,36.4288,63.6286,129.3712,223.9386,241.8681,194.2641,194.3512,1.2952,13.1923
3,5.5123,9.377,12.8255,34.8595,6.146,47.3017,1.2774,1.4914,7.3953,9.3047,6.6158,8.3169,14.0005,2.9943,6.8075,4.1127,2.9656,5.9924,26.7438,55.5048,61.8319,79.3138,3.5346,7.1604,1.9616,5.5879,5.5118,11.9082,21.9322,48.7483,3.5435,20.0719,34.9323,62.8976,127.8221,221.5914,243.1706,203.7282,205.6818,1.3144,12.8937
3.08,5.8964,10.0781,13.2746,34.576,6.633,45.9257,1.2791,1.6558,7.6657,9.9519,7.6635,8.3312,13.9642,3.0831,7.1783,4.4128,3.082,6.3036,26.3265,54.737,61.2235,79.5277,3.9199,7.4305,2.2489,5.9688,6.2423,12.8651,21.7733,48.7699,3.7059,20.0455,33.7729,63.0445,127.6622,219.8054,243.7588,211.8688,216.3748,1.4071,13.0433
3.17,6.097,10.6524,13.789,34.9546,6.8161,45.3589,1.2914,1.7616,8.1168,10.3615,8.0935,8.4131,13.9711,3.0812,7.144,4.6195,3.0901,6.3766,26.2814,54.4055,60.501,79.6036,3.9415,7.5503,2.2282,6.138,6.3709,13.4189,21.8747,48.7504,3.8137,20.3419,33.0114,62.9908,127.4837,218.7526,244.1228,218.7796,226.4608,1.4956,13.445
3.25,5.8522,10.3624,13.7867,35.1399,6.4658,45.1524,1.2933,1.6917,8.3879,10.0159,7.3574,8.3878,13.8082,2.9812,6.7512,4.4779,2.9683,6.1049,26.2833,53.9569,59.2909,78.4275,3.6239,7.3339,1.967,5.8746,5.7951,13.0536,21.7336,47.8551,3.7104,20.4575,32.5252,61.6558,125.5158,217.5645,244.3299,224.6012,235.9268,1.4942,13.6281
3.33,5.3858,9.53,13.1191,34.5495,5.8961,44.7365,1.2713,1.5143,8.2259,9.2212,6.1881,8.164,13.4462,2.8333,6.2435,4.1165,2.7833,5.6835,25.9903,53.0287,57.8474,76.1947,3.2093,6.9458,1.6676,5.4064,5.0106,12.0334,21.2121,46.2821,3.4763,20.056,32.0925,59.2271,121.85,215.173,244.0335,229.4619,244.6815,1.3882,13.3173
3.42,4.8558,8.6315,12.1098,33.2009,5.2807,43.7599,1.2265,1.311,7.5923,8.2762,5.0735,7.7937,12.9434,2.6634,5.7193,3.689,2.571,5.2168,25.2567,51.5532,56.1732,73.3687,2.7999,6.4912,1.3979,4.8786,4.2363,10.9394,20.3561,44.3248,3.1906,19.081,31.4889,56.3808,117.1209,211.2694,242.7697,233.4114,252.5845,1.2365,12.4967
3.5,4.3365,7.7176,10.9994,31.3136,4.6944,42.1447,1.1675,1.1169,6.6969,7.3275,4.1406,7.3484,12.3449,2.4856,5.2186,3.268,2.3514,4.7555,24.1355,49.6529,54.2424,70.2526,2.4319,6.024,1.1726,4.3617,3.5502,9.7545,19.2844,42.1478,2.8964,17.7963,30.5937,53.4344,111.8034,205.9842,240.206,236.4102,259.4863,1.0795,11.4284
3.58,3.8593,6.8635,9.9104,29.1188,4.1649,40.006,1.1004,0.9776,5.7788,6.4421,3.3941,6.8741,11.6884,2.3082,4.756,2.8834,2.1357,4.3227,22.7956,47.436,52.0677,67.013,2.114,5.5714,0.9893,3.8856,2.9702,8.6186,18.074,39.8574,2.6624,16.4069,29.383,50.5106,106.2173,199.586,236.2511,238.3535,265.2508,0.9343,10.3019
3.67,3.434,6.0966,8.899,26.8088,3.6986,37.5296,1.0296,0.9339,4.9388,5.6458,2.8048,6.3991,11.0043,2.1357,4.335,2.6207,1.9302,3.9273,21.3524,45.009,49.6903,63.7336,1.8439,5.1459,0.8411,3.4604,2.4902,7.593,16.7989,37.5246,2.5174,15.0284,27.8726,47.6629,100.5623,192.3687,231.0296,239.146,269.766,0.8585,9.2114
3.75,3.0608,5.4216,7.986,24.5188,3.2927,34.885,0.9579,0.8881,4.2974,4.944,2.3397,5.9401,10.3154,1.9708,3.9546,2.4459,1.738,3.5712,19.902,42.4668,47.1677,60.4567,1.6157,4.7528,0.7209,3.0865,2.0964,6.693,15.5176,35.2009,2.369,13.7208,26.1211,44.895,94.9604,184.5971,224.7713,238.752,272.955,0.7906,8.2099
3.83,2.7357,4.8331,7.1741,22.3335,2.9411,32.2075,0.8873,0.8416,3.7728,4.3324,1.9706,5.5061,9.6387,1.8149,3.6118,2.2704,1.5608,3.3572,18.4904,39.8932,44.5642,57.2074,1.4952,4.393,0.6428,2.7601,1.7742,5.9136,14.2706,32.9252,2.2213,12.5121,24.2398,42.1894,89.4769,176.4884,217.7267,237.2214,274.7844,0.7229,7.3095
3.92,2.4531,4.3222,6.4578,20.2989,2.6369,29.5944,0.8191,0.7953,3.3204,3.8027,1.675,5.1015,8.9857,1.6687,3.3028,2.0987,1.3987,3.1977,17.1601,37.3517,41.9408,54.0065,1.3975,4.0654,0.5949,2.476,1.51,5.2425,13.0898,30.7396,2.0767,11.4113,22.3542,39.5445,84.1482,168.211,210.0956,234.644,275.3082,0.6576,6.5091
4,2.2075,3.8789,5.828,18.4353,2.3732,27.1092,0.7542,0.75,2.9329,3.345,1.4361,4.7275,8.3641,1.5323,3.024,1.9336,1.2516,3.0418,15.92,34.8909,39.3505,50.8742,1.3036,3.768,0.5483,2.2288,1.2926,4.6653,11.9898,28.6588,1.9369,10.4175,20.5402,36.974,79.0004,159.8934,202.052,231.1239,274.6195,0.596,5.8021
4.08,1.9936,3.4938,5.2747,16.7465,2.1441,24.7888,0.693,0.7061,2.6015,2.9916,1.2411,4.384,7.7782,1.4057,2.7721,1.7771,1.1186,2.8905,14.769,32.5414,36.835,47.8306,1.2138,3.4982,0.5036,2.0133,1.1129,4.1684,10.9745,26.6909,1.8032,9.5248,18.838,34.4957,74.0525,151.6343,193.746,226.7737,272.8201,0.5387,5.1796
4.17,1.8069,3.1584,4.7884,15.2264,1.9444,22.6499,0.6358,0.6638,2.3177,2.7092,1.0804,4.0694,7.2303,1.2886,2.5441,1.6299,0.9989,2.7443,13.7038,30.3201,34.4233,44.8941,1.1288,3.2536,0.4614,1.8633,0.9636,3.7415,10.0434,24.84,1.6761,8.7248,17.2656,32.1264,69.32,143.5106,185.3159,221.7095,270.017,0.4859,4.6322
4.25,1.6434,2.8654,4.3601,13.8638,1.7696,20.6965,0.5826,0.6233,2.074,2.4616,0.9468,3.782,6.7207,1.1804,2.3373,1.4926,0.8916,2.6036,12.7197,28.2346,32.1337,42.0802,1.0485,3.0316,0.4219,1.7719,0.8386,3.3945,9.1938,23.1069,1.5559,8.0085,15.8276,29.8789,64.8154,135.5829,176.8633,216.0485,266.3186,0.4379,4.1508
4.33,1.4996,2.6086,3.982,12.645,1.6161,18.9234,0.5334,0.5848,1.8639,2.244,0.8348,3.6007,6.2484,1.0808,2.1494,1.3654,0.7954,2.4687,11.8117,26.2865,29.976,39.4005,0.9731,2.8299,0.3851,1.6827,0.7344,3.1082,8.4248,21.4903,1.4429,7.3668,14.5208,27.7616,60.5473,127.8987,168.4689,209.9027,261.8332,0.3943,3.7272
4.42,1.3729,2.3827,3.6474,11.5957,1.4807,17.3205,0.4881,0.5481,1.682,2.0521,0.7401,3.4688,5.8324,0.9891,1.9783,1.2478,0.7096,2.3396,10.9745,24.4751,27.9536,36.8622,0.9024,2.6463,0.3512,1.5961,0.7031,2.8726,7.7317,19.9874,1.3369,6.7915,13.3378,25.7783,56.5208,120.4946,160.199,203.376,256.6664,0.3549,3.3539
4.5,1.3142,2.1832,3.3503,10.7956,1.3609,15.9138,0.4465,0.5135,1.5239,1.8823,0.6595,3.338,5.4667,0.9049,1.8224,1.1398,0.633,2.2162,10.2027,22.801,26.068,34.469,0.8363,2.5213,0.32,1.5125,0.6717,2.6822,7.1094,18.5926,1.2379,6.2748,12.2691,23.9294,52.7369,113.398,152.1075,196.5641,250.919,0.3196,3.0244
4.58,1.257,2.0063,3.0858,10.0649,1.2685,14.6907,0.4084,0.4807,1.3857,1.7315,0.5905,3.2092,5.1419,0.8277,1.68,1.0407,0.5647,2.0986,9.4914,21.259,24.318,32.2222,0.7747,2.4397,0.2913,1.4321,0.6406,2.5206,6.5525,17.3117,1.1455,5.81,11.3044,22.2125,49.1938,106.6276,144.2374,189.5532,244.6952,0.2879,2.7329
4.67,1.2014,1.8491,2.8496,9.3978,1.2179,13.6227,0.3736,0.4498,1.2645,1.5972,0.531,3.0828,4.8505,0.7569,1.5498,0.95,0.5039,1.9867,8.8358,19.8413,22.6993,30.1208,0.7173,2.36,0.2651,1.3549,0.61,2.3782,6.0972,16.1381,1.0596,5.3911,10.4336,20.6228,45.8897,100.1955,136.6222,182.4207,238.0896,0.2596,2.4746
4.75,1.1476,1.7088,2.6379,8.7885,1.1688,12.6819,0.3418,0.4207,1.1577,1.4771,0.4793,2.9593,4.5868,0.6921,1.4306,0.8672,0.4498,1.8801,8.2314,18.5382,21.2056,28.1615,0.6639,2.2824,0.2413,1.2811,0.5801,2.2495,5.7301,15.0732,0.9798,5.0126,9.7154,19.1519,42.8182,94.1083,129.2874,175.2344,231.1872,0.2342,2.2451
4.83,1.0956,1.5831,2.4478,8.2314,1.1212,11.8427,0.3129,0.3934,1.0632,1.3695,0.4343,2.8388,4.3462,0.6327,1.3239,0.7917,0.4018,1.7789,7.6738,17.3402,19.8288,26.3396,0.6143,2.2069,0.2196,1.2107,0.551,2.131,5.3949,14.1094,0.9058,4.6699,9.1226,17.8111,39.9735,88.3672,122.2515,168.0539,224.0633,0.2117,2.0409
4.92,1.0455,1.4702,2.2764,7.7215,1.0751,11.0872,0.2865,0.3677,0.9793,1.2727,0.3949,2.7218,4.1252,0.5784,1.2423,0.7231,0.359,1.6827,7.1594,16.2401,18.5603,24.6487,0.5683,2.1335,0.1998,1.1436,0.5229,2.0207,5.0882,13.2344,0.8372,4.3591,8.5695,16.594,37.3512,82.97,115.527,160.9302,216.7841,0.1915,1.8587
5,0.9973,1.3685,2.1216,7.254,1.0307,10.4022,0.2625,0.3437,0.9045,1.1854,0.3655,2.6083,3.921,0.5287,1.166,0.6606,0.3211,1.5915,6.6844,15.2308,17.3929,23.0817,0.5257,2.0623,0.1819,1.0798,0.4959,1.9171,4.8067,12.4373,0.7737,4.0764,8.0553,15.4852,34.9403,77.9114,109.1214,153.9068,209.4087,0.1735,1.6958
5.08,0.9509,1.2765,1.9813,6.8248,0.9877,9.7778,0.2407,0.3211,0.8376,1.1064,0.3566,2.4984,3.7312,0.4834,1.0949,0.6038,0.2874,1.5049,6.2457,14.3024,16.3187,21.6347,0.4862,1.9931,0.1656,1.0192,0.4699,1.8194,4.5476,11.7091,0.715,3.8187,7.5785,14.4721,32.726,73.1825,103.038,147.0201,201.9895,0.1575,1.5498
5.17,0.9064,1.1932,1.8539,6.43,0.9464,9.2062,0.2209,0.3,0.7775,1.0347,0.3469,2.3921,3.554,0.4419,1.0285,0.5522,0.2574,1.4229,5.8401,13.4463,15.3291,20.3012,0.4496,1.926,0.1509,0.9617,0.445,1.7269,4.3084,11.0419,0.6608,3.5834,7.1368,13.5441,30.6922,68.7721,97.2763,140.3001,194.5733,0.1432,1.4188
5.25,0.8638,1.1174,1.7378,6.0663,0.9065,8.6812,0.203,0.2802,0.7246,0.9695,0.3366,2.2896,3.3881,0.404,0.9666,0.5054,0.2308,1.3452,5.465,12.655,14.4161,19.0709,0.4157,1.861,0.1376,0.9072,0.4212,1.6394,4.087,10.4289,0.6108,3.3681,6.7279,12.6925,28.8228,64.6659,91.8326,133.7709,187.2015,0.1305,1.3009
5.33,0.8229,1.0508,1.6319,5.7304,0.8682,8.1974,0.1866,0.2617,0.699,0.9101,0.3258,2.1908,3.232,0.3694,0.9089,0.4629,0.2071,1.2716,5.1179,11.9224,13.5722,17.9345,0.3844,1.7979,0.1255,0.8557,0.3984,1.5563,3.8815,9.9632,0.5646,3.1707,6.3494,11.9096,27.1116,60.8474,86.7015,127.4514,179.9101,0.1191,1.1947
5.42,0.7838,1.0181,1.5349,5.4204,0.8314,7.7503,0.1718,0.2444,0.6738,0.8558,0.3148,2.0957,3.0849,0.3378,0.8551,0.4244,0.1861,1.2019,4.7963,11.2426,12.7909,16.8835,0.3555,1.7369,0.1146,0.8069,0.3768,1.4774,3.6904,9.531,0.5219,2.9892,5.9988,11.1886,25.5609,57.3021,81.8773,121.3563,172.7303,0.1089,1.0987
5.5,0.7464,0.986,1.446,5.1377,0.7959,7.3371,0.1583,0.2282,0.649,0.8061,0.3036,2.0041,2.9459,0.309,0.8049,0.3894,0.1674,1.1359,4.4983,10.611,12.0664,15.9103,0.3287,1.6777,0.1047,0.7607,0.3562,1.4026,3.5122,9.1238,0.4826,2.8222,5.6739,10.5237,24.146,54.0158,77.348,115.4962,165.6889,0.0998,1.0119
5.58,0.7107,0.9546,1.3644,4.8785,0.7619,6.9553,0.146,0.2131,0.6248,0.7604,0.2924,1.9162,2.8143,0.2826,0.7582,0.3576,0.1507,1.0735,4.2219,10.0231,11.3932,15.0078,0.304,1.6205,0.0957,0.7171,0.3367,1.3316,3.3458,8.7399,0.4464,2.6682,5.3727,9.9096,22.8479,50.9712,73.1012,109.8778,158.8085,0.0916,0.9333
5.67,0.6766,0.9239,1.3241,4.6393,0.7293,6.6022,0.1349,0.199,0.6011,0.7184,0.2812,1.8317,2.6895,0.2586,0.7146,0.3288,0.1359,1.0145,3.9653,9.4752,10.7669,14.1697,0.2811,1.5651,0.0876,0.676,0.3181,1.2642,3.1901,8.3776,0.413,2.5259,5.093,9.3419,21.6514,48.1498,69.1236,104.5048,152.1081,0.0843,0.8618
5.75,0.644,0.894,1.286,4.4231,0.6979,6.2757,0.1247,0.1858,0.578,0.6859,0.2701,1.7507,2.571,0.2366,0.6739,0.3026,0.1228,0.9586,3.7269,8.9639,10.1832,13.3904,0.26,1.5115,0.0803,0.6371,0.3005,1.2003,3.0441,8.0354,0.3823,2.4411,4.8317,8.8162,20.5446,45.5333,65.4009,99.3777,145.6027,0.0777,0.8396
5.83,0.613,0.8647,1.2486,4.2263,0.6679,5.9743,0.1155,0.1735,0.5555,0.6672,0.2593,1.673,2.4583,0.2166,0.636,0.2789,0.111,0.9058,3.5054,8.4862,9.6387,12.6648,0.2405,1.4596,0.0736,0.6004,0.2838,1.1397,2.9071,7.712,0.3539,2.3752,4.5961,8.3287,19.5176,43.1044,61.9207,94.4948,139.3043,0.0717,0.8234
5.92,0.5833,0.8363,1.2118,4.0457,0.6391,5.6962,0.1071,0.162,0.5337,0.6487,0.2486,1.5985,2.3511,0.1983,0.6006,0.2573,0.1006,0.8558,3.2993,8.0393,9.1299,11.9882,0.2225,1.4095,0.0676,0.5659,0.268,1.0822,2.7782,7.4061,0.3278,2.3103,4.3837,7.8771,18.5622,40.8468,58.6691,89.8526,133.2217,0.0664,0.8072
6,0.5551,0.8086,1.1758,3.8791,0.6114,5.4392,0.0994,0.1513,0.5126,0.6307,0.2382,1.5271,2.249,0.1816,0.5676,0.2376,0.0912,0.8086,3.1074,7.6208,8.654,11.3565,0.2059,1.361,0.0622,0.5333,0.2531,1.0277,2.6569,7.1164,0.3038,2.2463,4.1907,7.4593,17.6719,38.7458,55.6306,85.4463,127.3613,0.0616,0.7909
6.08,0.5281,0.7817,1.1406,3.7245,0.5849,5.2011,0.0924,0.1413,0.4921,0.613,0.2281,1.4588,2.1516,0.1664,0.5513,0.2198,0.0829,0.764,2.9286,7.2292,8.2083,10.7661,0.1906,1.3142,0.0572,0.5026,0.239,0.9761,2.5425,6.8418,0.2816,2.1835,4.0141,7.0729,16.8411,36.788,52.7903,81.2692,121.7266,0.0572,0.7748
6.17,0.5025,0.7555,1.1061,3.5803,0.5596,4.98,0.086,0.132,0.4723,0.5958,0.2183,1.3934,2.0589,0.1525,0.5361,0.2035,0.0755,0.7219,2.7619,6.8651,7.7913,10.2137,0.1764,1.2689,0.0528,0.4736,0.2257,0.9271,2.4346,6.5814,0.2612,2.1218,3.8517,6.7154,16.0649,34.9614,50.1339,77.3136,116.3191,0.0533,0.7587
6.25,0.478,0.7301,1.0725,3.4452,0.5353,4.774,0.0802,0.1233,0.4532,0.5789,0.2088,1.3308,1.9704,0.1398,0.5208,0.1887,0.0688,0.682,2.6064,6.5253,7.4016,9.6963,0.1634,1.2251,0.0487,0.4463,0.2131,0.8808,2.3327,6.3343,0.2424,2.0613,3.7014,6.3844,15.339,33.255,47.6481,73.5711,111.1383,0.0497,0.7428
6.33,0.4548,0.7054,1.0396,3.3182,0.512,4.5816,0.0748,0.1151,0.4347,0.5624,0.1996,1.271,1.8859,0.1282,0.5055,0.1752,0.0628,0.6444,2.4612,6.2074,7.0372,9.2117,0.1513,1.1827,0.045,0.4207,0.2012,0.8573,2.235,6.0996,0.2251,2.0021,3.5616,6.0778,14.6596,31.6593,45.3206,70.0325,106.1821,0.0464,0.727
6.42,0.4326,0.6815,1.0076,3.1983,0.4897,4.4012,0.07,0.1076,0.4169,0.5463,0.1908,1.2138,1.8053,0.1177,0.4903,0.1629,0.0575,0.6088,2.3255,5.9092,6.696,8.7576,0.1402,1.1418,0.0417,0.3965,0.1899,0.8343,2.1443,5.8762,0.2091,1.9441,3.431,5.7933,14.0229,30.1654,43.1396,66.6885,101.4468,0.0434,0.7113
6.5,0.4115,0.6583,0.9763,3.0849,0.4684,4.2317,0.0655,0.1005,0.3998,0.5306,0.1823,1.1591,1.7283,0.108,0.4751,0.1517,0.0527,0.5752,2.1986,5.6289,6.3761,8.3317,0.1299,1.1023,0.0386,0.3737,0.1793,0.8099,2.0597,5.6637,0.1944,1.8874,3.3086,5.529,13.4258,28.7656,41.0945,63.5295,96.9276,0.0407,0.6959
6.58,0.3914,0.6358,0.9459,2.9772,0.448,4.072,0.0614,0.0939,0.3833,0.5153,0.1742,1.1069,1.6548,0.0992,0.4601,0.1414,0.0484,0.5434,2.0799,5.3649,6.0756,7.9321,0.1204,1.0642,0.0358,0.3523,0.1693,0.7845,1.9807,5.4615,0.1808,1.832,3.1934,5.2832,12.8652,27.4526,39.1754,60.5462,92.619,0.0382,0.6807
6.67,0.3723,0.614,0.9163,2.8749,0.4284,3.9211,0.0576,0.0878,0.3674,0.5004,0.1663,1.057,1.5846,0.0911,0.4453,0.132,0.0445,0.5135,1.9687,5.116,5.7929,7.5567,0.1116,1.0273,0.0333,0.3321,0.1599,0.7582,1.9065,5.269,0.1683,1.7779,3.0847,5.0541,12.3383,26.22,37.3732,57.729,88.5145,0.036,0.6656
6.75,0.3542,0.5929,0.8875,2.7774,0.4097,3.7782,0.0541,0.0821,0.3522,0.4858,0.1588,1.0093,1.5175,0.0838,0.4307,0.1234,0.0411,0.4851,1.8645,4.881,5.5265,7.2037,0.1036,0.9917,0.031,0.3131,0.151,0.7315,1.8366,5.0858,0.1568,1.7252,2.9817,4.8404,11.8426,25.0618,35.6795,55.0688,84.6071,0.0339,0.6508
6.83,0.3369,0.5725,0.8595,2.6843,0.3918,3.6426,0.0509,0.0767,0.3375,0.4716,0.1517,0.9638,1.4535,0.0771,0.4163,0.1155,0.0379,0.4584,1.7668,4.6588,5.2752,6.8715,0.0961,0.9573,0.0289,0.2952,0.1427,0.7046,1.7705,4.9113,0.1461,1.6737,2.884,4.6405,11.3759,23.9725,34.0866,52.5569,80.8896,0.032,0.6363
6.92,0.3205,0.5527,0.8322,2.5953,0.3747,3.5138,0.048,0.0718,0.3234,0.4578,0.1448,0.9204,1.3922,0.0709,0.4022,0.1083,0.0351,0.4331,1.6751,4.4486,5.0378,6.5584,0.0892,0.924,0.027,0.2784,0.1348,0.6777,1.7079,4.745,0.1363,1.6236,2.7911,4.4534,10.936,22.9472,32.5872,50.1846,77.3545,0.0302,0.6219
7,0.3048,0.5336,0.8058,2.5101,0.3583,3.3911,0.0453,0.0671,0.3099,0.4444,0.1382,0.8789,1.3338,0.0653,0.3884,0.1016,0.0325,0.4093,1.5891,4.2495,4.8132,6.2632,0.0828,0.8919,0.0252,0.2626,0.1273,0.6509,1.6484,4.5864,0.1273,1.5748,2.7026,4.2779,10.5209,21.9811,31.1749,47.9439,73.9941,0.0286,0.6078
7.08,0.29,0.5151,0.7801,2.4285,0.3426,3.2741,0.0428,0.0628,0.2969,0.4313,0.132,0.8393,1.2778,0.0602,0.3749,0.0955,0.0302,0.3868,1.5082,4.0607,4.6007,5.9843,0.077,0.8609,0.0236,0.2477,0.1203,0.6244,1.5917,4.435,0.1189,1.5272,2.618,4.113,10.1288,21.0702,29.8436,45.8269,70.8006,0.0271,0.594
7.17,0.2758,0.4972,0.7551,2.3502,0.3277,3.1624,0.0405,0.0588,0.2845,0.4186,0.126,0.8015,1.2244,0.0555,0.3617,0.0899,0.0281,0.3655,1.4322,3.8817,4.3992,5.7208,0.0715,0.831,0.0221,0.2337,0.1137,0.5983,1.5377,4.2905,0.1112,1.4809,2.5372,3.9579,9.758,20.2104,28.5876,43.8263,67.7666,0.0257,0.5804
7.25,0.2624,0.4799,0.7309,2.275,0.3133,3.0555,0.0383,0.055,0.2725,0.4063,0.1203,0.7655,1.1734,0.0512,0.3489,0.0847,0.0262,0.3454,1.3607,3.7118,4.2082,5.4715,0.0665,0.8021,0.0207,0.2205,0.1075,0.5728,1.4861,4.1524,0.104,1.4359,2.4597,3.8116,9.4071,19.3982,27.4019,41.9351,64.8843,0.0244,0.567
7.33,0.2496,0.4632,0.7074,2.2027,0.2996,2.9533,0.0363,0.0515,0.2611,0.3942,0.1149,0.7311,1.1246,0.0472,0.3363,0.0799,0.0245,0.3264,1.2933,3.5505,4.0269,5.2353,0.0619,0.7742,0.0195,0.2081,0.1016,0.5478,1.4367,4.0203,0.0974,1.3922,2.3855,3.6736,9.0745,18.6302,26.2816,40.1466,62.1465,0.0232,0.5539
7.42,0.2375,0.4471,0.6847,2.1332,0.2865,2.8553,0.0345,0.0482,0.2501,0.3825,0.1097,0.6983,1.0779,0.0436,0.3242,0.0755,0.0229,0.3085,1.2299,3.3972,3.8547,5.0115,0.0576,0.7473,0.0184,0.1965,0.0961,0.5235,1.3894,3.8939,0.0913,1.3496,2.3142,3.5431,8.7591,17.9034,25.2223,38.4547,59.546,0.022,0.5411
7.5,0.2259,0.4315,0.6626,2.0664,0.274,2.7614,0.0327,0.0452,0.2396,0.3712,0.1047,0.667,1.0333,0.0403,0.3123,0.0714,0.0214,0.2916,1.1701,3.2514,3.6911,4.7993,0.0536,0.7213,0.0173,0.1855,0.0909,0.4999,1.3617,3.7716,0.0856,1.3082,2.2457,3.4195,8.4595,17.2151,24.22,36.8535,57.0757,0.021,0.5285
7.58,0.215,0.4164,0.6412,2.002,0.262,2.6713,0.0311,0.0423,0.2296,0.3601,0.1,0.6371,0.9907,0.0373,0.3008,0.0676,0.0201,0.2756,1.1138,3.1128,3.5355,4.5977,0.05,0.6962,0.0163,0.1752,0.086,0.477,1.3399,3.6557,0.0804,1.268,2.1798,3.3024,8.1847,16.5618,23.271,35.3375,54.7291,0.02,0.5161
7.67,0.2045,0.4018,0.6204,1.94,0.2505,2.5847,0.0297,0.0397,0.2199,0.3494,0.0956,0.6087,0.9499,0.0346,0.2897,0.0641,0.0189,0.2606,1.0606,2.9809,3.3875,4.4063,0.0466,0.6719,0.0154,0.1655,0.0814,0.4549,1.3179,3.5461,0.0756,1.229,2.1164,3.1911,7.962,15.9447,22.3713,33.9014,52.4996,0.0191,0.504
7.75,0.1946,0.3878,0.6003,1.8803,0.2396,2.5015,0.0283,0.0372,0.2107,0.339,0.0913,0.5815,0.9109,0.032,0.2789,0.0608,0.0178,0.2463,1.0104,2.8554,3.2466,4.2243,0.0435,0.6485,0.0146,0.1563,0.0771,0.4336,1.2958,3.4424,0.0711,1.1911,2.0553,3.0854,7.7426,15.3664,21.5185,32.5404,50.3811,0.0183,0.4922
7.83,0.1852,0.3742,0.5808,1.8227,0.2291,2.4216,0.027,0.0349,0.2018,0.3288,0.0873,0.5556,0.8737,0.0297,0.2684,0.0578,0.0168,0.2329,0.963,2.7358,3.1124,4.0512,0.0406,0.6259,0.0138,0.1477,0.073,0.4131,1.2735,3.344,0.0669,1.1543,1.9963,2.9847,7.5279,14.8216,20.7104,31.25,48.3676,0.0175,0.4806
7.92,0.1763,0.3611,0.5619,1.7671,0.2191,2.3446,0.0257,0.0327,0.1934,0.319,0.0834,0.5309,0.8381,0.0276,0.2582,0.055,0.0159,0.2202,0.9181,2.6219,2.9846,3.8864,0.0379,0.6041,0.0131,0.1396,0.0691,0.3933,1.2512,3.2504,0.063,1.1186,1.9395,2.8888,7.3189,14.3067,19.9449,30.0259,46.4535,0.0167,0.4692
8,0.1678,0.3484,0.5436,1.7136,0.2095,2.2706,0.0246,0.0307,0.1853,0.3094,0.0798,0.5074,0.804,0.0256,0.2484,0.0524,0.015,0.2082,0.8757,2.5134,2.8628,3.7295,0.0354,0.5831,0.0124,0.132,0.0655,0.3744,1.2288,3.1613,0.0595,1.0839,1.8847,2.7973,7.1161,13.8185,19.2193,28.8645,44.6335,0.016,0.4581
8.08,0.1597,0.3362,0.5259,1.6619,0.2004,2.1993,0.0235,0.0289,0.1775,0.3002,0.0763,0.485,0.7714,0.0238,0.2389,0.0499,0.0142,0.1969,0.84,2.4098,2.7466,3.5801,0.0331,0.5627,0.0118,0.1249,0.0621,0.3562,1.2064,3.0762,0.0561,1.0503,1.8317,2.7099,6.9199,13.3546,18.5312,27.7621,42.9026,0.0154,0.4472
8.17,0.152,0.3244,0.5088,1.612,0.1916,2.1307,0.0225,0.0271,0.1701,0.2911,0.073,0.4636,0.7403,0.0222,0.2298,0.0476,0.0135,0.1862,0.809,2.312,2.6359,3.4376,0.031,0.5431,0.0112,0.1181,0.0588,0.3388,1.184,2.9948,0.053,1.0177,1.7805,2.6264,6.7302,12.9128,17.878,26.7154,41.2558,0.0147,0.4366
8.25,0.1447,0.313,0.4922,1.5638,0.1833,2.0645,0.0216,0.0255,0.163,0.2824,0.0698,0.4431,0.7105,0.0207,0.2209,0.0455,0.0128,0.1761,0.7795,2.2199,2.5306,3.3017,0.029,0.5242,0.0107,0.1118,0.0558,0.3222,1.1615,2.9169,0.0501,0.986,1.7311,2.5464,6.5473,12.4915,17.2576,25.7212,39.6887,0.0142,0.4262
8.33,0.1378,0.302,0.4761,1.5173,0.1753,2.0008,0.0207,0.0239,0.1562,0.2739,0.0668,0.4237,0.682,0.0193,0.2124,0.0435,0.0122,0.1666,0.7513,2.1327,2.4307,3.1721,0.0272,0.5059,0.0102,0.1058,0.0529,0.3063,1.1392,2.8422,0.0475,0.9553,1.6833,2.4698,6.3708,12.0892,16.6675,24.7765,38.1971,0.0136,0.416
8.42,0.1312,0.2914,0.4606,1.4723,0.1677,1.9393,0.0199,0.0225,0.1497,0.2657,0.064,0.4051,0.6547,0.018,0.2041,0.0416,0.0116,0.1576,0.7245,2.0502,2.3359,3.0487,0.0255,0.4883,0.0098,0.1002,0.0502,0.2912,1.1169,2.7704,0.045,0.9256,1.637,2.3964,6.2008,11.7046,16.106,23.8783,36.7768,0.0131,0.406
8.5,0.1249,0.2812,0.4456,1.4289,0.1604,1.88,0.0191,0.0212,0.1435,0.2577,0.0613,0.3875,0.6286,0.0168,0.1962,0.0398,0.0111,0.1491,0.7,1.9717,2.246,2.931,0.0239,0.4713,0.0093,0.0949,0.0477,0.2767,1.0948,2.7014,0.0426,0.8968,1.5923,2.326,6.0369,11.3367,15.571,23.0241,35.4241,0.0126,0.3963
8.58,0.119,0.2713,0.431,1.387,0.1534,1.8229,0.0184,0.0199,0.1376,0.2499,0.0587,0.3706,0.6037,0.0158,0.1885,0.0382,0.0106,0.1411,0.688,1.8975,2.1605,2.8189,0.0225,0.4548,0.0089,0.0899,0.0453,0.2629,1.0727,2.635,0.0405,0.8688,1.549,2.2583,5.879,10.9845,15.0608,22.2112,34.1354,0.0121,0.3868
8.67,0.1133,0.2618,0.4169,1.3465,0.1467,1.7677,0.0177,0.0188,0.1319,0.2424,0.0563,0.3545,0.5798,0.0148,0.1811,0.0366,0.0101,0.1335,0.6759,1.829,2.0796,2.7121,0.0211,0.439,0.0085,0.0852,0.043,0.2498,1.0508,2.571,0.0385,0.8417,1.5071,2.1933,5.7268,10.6911,14.5722,21.4372,32.9072,0.0117,0.3775
8.75,0.1079,0.2526,0.4033,1.3073,0.1403,1.7145,0.017,0.0177,0.1264,0.2351,0.0539,0.3392,0.557,0.0138,0.174,0.0351,0.0097,0.1263,0.6639,1.7652,2.0033,2.6105,0.0199,0.4237,0.0082,0.0807,0.0409,0.2373,1.0291,2.5092,0.0366,0.8154,1.4665,2.1308,5.5801,10.4242,14.1124,20.6995,31.7362,0.0112,0.3684
8.83,0.1028,0.2437,0.3901,1.2695,0.1343,1.6631,0.0164,0.0167,0.1213,0.228,0.0517,0.3245,0.5352,0.013,0.1672,0.0338,0.0093,0.1196,0.6518,1.7055,1.9317,2.5138,0.0187,0.4089,0.0078,0.0766,0.0389,0.2254,1.0075,2.4496,0.0348,0.79,1.4272,2.0706,5.4387,10.1626,13.6799,19.9966,30.6194,0.0108,0.3595
8.92,0.098,0.2352,0.3774,1.2329,0.1284,1.6135,0.0158,0.0157,0.1163,0.2211,0.0496,0.3106,0.5142,0.0122,0.1606,0.0325,0.0089,0.1132,0.6398,1.6493,1.8643,2.4219,0.0176,0.3947,0.0075,0.0726,0.037,0.2142,0.9862,2.3919,0.0331,0.7653,1.4077,2.0119,5.3022,9.9067,13.2714,19.3275,29.5539,0.0105,0.3508
9,0.0934,0.2269,0.365,1.1975,0.1229,1.5657,0.0152,0.0148,0.1115,0.2144,0.0476,0.2973,0.4942,0.0115,0.1542,0.0312,0.0085,0.1072,0.6278,1.5963,1.8009,2.3347,0.0166,0.3809,0.0072,0.0689,0.0352,0.2034,0.9651,2.3361,0.0316,0.7414,1.389,1.9574,5.1703,9.6571,12.8841,18.6905,28.537,0.0101,0.3423
9.08,0.089,0.219,0.3531,1.1633,0.1176,1.5194,0.0147,0.014,0.107,0.208,0.0457,0.2846,0.4751,0.0108,0.1481,0.0301,0.0082,0.1015,0.6159,1.5541,1.7418,2.252,0.0157,0.3676,0.0069,0.0655,0.0335,0.1933,0.9442,2.2821,0.0302,0.7183,1.3699,1.9067,5.0432,9.414,12.5159,18.0842,27.5664,0.0098,0.3341
9.17,0.0848,0.2113,0.3416,1.1302,0.1125,1.4748,0.0142,0.0132,0.1026,0.2017,0.0439,0.2725,0.4567,0.0102,0.1422,0.029,0.0079,0.0961,0.604,1.5144,1.6882,2.1737,0.0148,0.3548,0.0067,0.0622,0.0319,0.1836,0.9235,2.2297,0.0288,0.6959,1.3504,1.8592,4.9208,9.1774,12.1648,17.507,26.6398,0.0094,0.326
9.25,0.0809,0.2039,0.3304,1.0982,0.1076,1.4316,0.0137,0.0125,0.0985,0.1956,0.0422,0.261,0.4392,0.0096,0.1366,0.0279,0.0076,0.091,0.5922,1.4755,1.6389,2.0999,0.014,0.3425,0.0064,0.0591,0.0304,0.1744,0.9031,2.1789,0.0275,0.6742,1.3305,1.8147,4.8031,8.9477,11.8293,16.9571,25.7549,0.0091,0.3181
9.33,0.0771,0.1968,0.3197,1.0672,0.103,1.3899,0.0132,0.0118,0.0945,0.1897,0.0405,0.25,0.4224,0.0091,0.1311,0.0269,0.0073,0.0862,0.5805,1.4376,1.5929,2.0306,0.0132,0.3305,0.0062,0.0561,0.029,0.1657,0.883,2.1296,0.0263,0.6532,1.3103,1.7727,4.6899,8.7248,11.508,16.433,24.9098,0.0088,0.3103
9.42,0.0735,0.1899,0.3092,1.0373,0.0985,1.3496,0.0128,0.0112,0.0907,0.184,0.039,0.2395,0.4063,0.0086,0.1259,0.026,0.007,0.0817,0.5689,1.4007,1.5494,1.9654,0.0125,0.319,0.006,0.0534,0.0276,0.1575,0.8631,2.0818,0.0252,0.6328,1.2899,1.7329,4.5811,8.509,11.1999,15.9331,24.1024,0.0085,0.3028
9.5,0.0701,0.1833,0.2992,1.0161,0.0943,1.3105,0.0124,0.0106,0.0871,0.1784,0.0375,0.2295,0.3909,0.0081,0.1209,0.0251,0.0067,0.0774,0.5574,1.3647,1.508,1.9041,0.0119,0.3079,0.0057,0.0508,0.0264,0.1496,0.8435,2.0353,0.0241,0.6131,1.2692,1.6951,4.4764,8.3002,10.904,15.456,23.3309,0.0083,0.2954
9.58,0.0669,0.1769,0.2894,1.0024,0.0902,1.2751,0.012,0.01,0.0836,0.173,0.0361,0.22,0.3761,0.0077,0.116,0.0243,0.0065,0.0734,0.546,1.3296,1.4684,1.8462,0.0112,0.2972,0.0055,0.0483,0.0252,0.1422,0.8242,1.9902,0.0232,0.594,1.2484,1.659,4.3757,8.0984,10.6196,15.0004,22.5934,0.008,0.2883
9.67,0.0638,0.1707,0.28,0.9885,0.0864,1.2433,0.0116,0.0095,0.0803,0.1678,0.0347,0.2109,0.362,0.0073,0.1114,0.0234,0.0063,0.0695,0.5348,1.2955,1.4302,1.7915,0.0107,0.2868,0.0054,0.046,0.024,0.1352,0.8052,1.9462,0.0222,0.5755,1.2275,1.6244,4.2787,7.9034,10.346,14.5648,21.8883,0.0078,0.2812
9.75,0.0609,0.1648,0.2709,0.9743,0.0827,1.2144,0.0112,0.009,0.0771,0.1627,0.0334,0.2022,0.3484,0.007,0.1069,0.0227,0.0061,0.0659,0.5237,1.2622,1.3934,1.7397,0.0101,0.2768,0.0052,0.0438,0.023,0.1285,0.7865,1.9035,0.0213,0.5576,1.2065,1.5912,4.1852,7.7152,10.0826,14.1482,21.2144,0.0075,0.2744
9.83,0.0581,0.1591,0.2621,0.9598,0.0791,1.1877,0.0109,0.0085,0.0741,0.1578,0.0322,0.1939,0.3355,0.0066,0.1026,0.0219,0.0059,0.0625,0.5127,1.2298,1.3577,1.6904,0.0096,0.2672,0.005,0.0418,0.0219,0.1222,0.7681,1.862,0.0205,0.5403,1.1855,1.5592,4.0951,7.5336,9.8288,13.7493,20.5702,0.0073,0.2677
9.92,0.0555,0.1535,0.2536,0.9452,0.0758,1.1627,0.0106,0.0081,0.0712,0.1531,0.031,0.186,0.323,0.0063,0.0985,0.0212,0.0057,0.0593,0.5019,1.1983,1.3232,1.6434,0.0092,0.2579,0.0048,0.0398,0.021,0.1163,0.7501,1.8215,0.0197,0.5235,1.1644,1.5282,4.008,7.3582,9.5842,13.3672,19.9542,0.0071,0.2612
10,0.053,0.1482,0.2454,0.9305,0.0725,1.1392,0.0102,0.0077,0.0684,0.1484,0.0299,0.1784,0.3111,0.006,0.0946,0.0206,0.0055,0.0562,0.4912,1.1677,1.2896,1.5984,0.0087,0.2489,0.0047,0.038,0.0201,0.1106,0.7323,1.7821,0.019,0.5073,1.1433,1.4982,3.9239,7.189,9.3484,13.0008,19.365,0.0069,0.2548
10.08,0.0506,0.1431,0.2374,0.9156,0.0694,1.1167,0.0099,0.0073,0.0657,0.144,0.0288,0.1712,0.2997,0.0057,0.0908,0.0199,0.0053,0.0534,0.4807,1.1379,1.2571,1.5554,0.0083,0.2403,0.0045,0.0362,0.0192,0.1053,0.7149,1.7437,0.0183,0.4915,1.1223,1.4691,3.8425,7.0257,9.121,12.6494,18.8012,0.0067,0.2486
10.17,0.0483,0.1381,0.2297,0.9006,0.0665,1.0951,0.0096,0.0069,0.0632,0.1396,0.0278,0.1643,0.2887,0.0055,0.0871,0.0193,0.0051,0.0506,0.4703,1.1089,1.2255,1.5141,0.0079,0.2319,0.0044,0.0346,0.0184,0.1002,0.6977,1.7063,0.0176,0.4763,1.1014,1.4408,3.7637,6.868,8.9016,12.312,18.2614,0.0065,0.2425
10.25,0.0462,0.1333,0.2223,0.8856,0.0637,1.0742,0.0094,0.0066,0.0607,0.1354,0.0268,0.1578,0.2783,0.0052,0.0836,0.0188,0.005,0.0481,0.4601,1.0807,1.1947,1.4745,0.0076,0.2239,0.0042,0.033,0.0176,0.0954,0.6809,1.6698,0.017,0.4616,1.0805,1.4131,3.6873,6.7156,8.6899,11.9879,17.7445,0.0063,0.2366
10.33,0.0441,0.1287,0.2151,0.8705,0.061,1.0539,0.0091,0.0063,0.0584,0.1313,0.0259,0.1515,0.2682,0.005,0.0803,0.0182,0.0048,0.0456,0.4501,1.0533,1.1648,1.4362,0.0072,0.2161,0.0041,0.0316,0.0169,0.0908,0.6644,1.6343,0.0164,0.4473,1.0598,1.3862,3.6132,6.5684,8.4854,11.6765,17.249,0.0061,0.2308
10.42,0.0421,0.1243,0.2082,0.8554,0.0584,1.034,0.0088,0.006,0.0562,0.1274,0.025,0.1455,0.2585,0.0048,0.0771,0.0177,0.0047,0.0433,0.4402,1.0266,1.1357,1.3994,0.0069,0.2086,0.004,0.0302,0.0162,0.0865,0.6482,1.5996,0.0158,0.4335,1.0392,1.3598,3.5413,6.426,8.288,11.377,16.774,0.006,0.2252
10.5,0.0403,0.12,0.2015,0.8403,0.0559,1.0145,0.0086,0.0057,0.0541,0.1235,0.0242,0.1398,0.2493,0.0046,0.074,0.0172,0.0045,0.0411,0.4305,1.0007,1.1075,1.3638,0.0066,0.2013,0.0039,0.0289,0.0155,0.0825,0.6324,1.5658,0.0153,0.4202,1.0187,1.3339,3.4714,6.2884,8.0973,11.0888,16.3182,0.0058,0.2197
10.58,0.0385,0.1159,0.195,0.8253,0.0536,0.9954,0.0084,0.0055,0.052,0.1198,0.0234,0.1344,0.2404,0.0044,0.071,0.0167,0.0044,0.0391,0.421,0.9755,1.08,1.3294,0.0063,0.1943,0.0038,0.0276,0.0149,0.0786,0.6168,1.5328,0.0148,0.4072,0.9984,1.3099,3.4033,6.1551,7.9129,10.8114,15.8806,0.0056,0.2143
10.67,0.0368,0.1119,0.1888,0.8102,0.0513,0.9766,0.0081,0.0052,0.0501,0.1162,0.0226,0.1292,0.2319,0.0042,0.0682,0.0162,0.0043,0.0371,0.4116,0.951,1.0532,1.2961,0.0061,0.1876,0.0037,0.0264,0.0143,0.075,0.6016,1.5006,0.0143,0.3947,0.9783,1.2898,3.3371,6.026,7.7348,10.5442,15.4603,0.0055,0.209
10.75,0.0352,0.1081,0.1827,0.7953,0.0492,0.9581,0.0079,0.005,0.0482,0.1127,0.0219,0.1242,0.224,0.0041,0.0654,0.0157,0.0042,0.0353,0.4024,0.9271,1.0272,1.2638,0.0058,0.1811,0.0035,0.0253,0.0138,0.0715,0.5867,1.4692,0.0138,0.3826,0.9584,1.2697,3.2732,5.901,7.5624,10.2867,15.0564,0.0053,0.2039
10.83,0.0337,0.1044,0.1769,0.7804,0.0471,0.9398,0.0077,0.0048,0.0464,0.1093,0.0212,0.1194,0.2212,0.0039,0.0628,0.0153,0.004,0.0336,0.3933,0.9038,1.0018,1.2326,0.0056,0.1748,0.0034,0.0243,0.0132,0.0682,0.5721,1.4386,0.0134,0.3709,0.9387,1.2497,3.2114,5.7798,7.3957,10.0384,14.6679,0.0052,0.1989
10.92,0.0323,0.1008,0.1712,0.7656,0.0451,0.9218,0.0075,0.0045,0.0447,0.1061,0.0205,0.1149,0.2183,0.0038,0.0603,0.0149,0.0039,0.0319,0.3844,0.8816,0.9772,1.2023,0.0054,0.1687,0.0033,0.0233,0.0127,0.0651,0.5578,1.4087,0.013,0.3595,0.9192,1.2299,3.1515,5.6623,7.2343,9.799,14.2941,0.0051,0.1941
